"ENDTIME"
"2023-11-15 05:47:27"
